Categorical
79.85270049099836 80.32733224222585 80.37643207855973 80.9656301145663 80.7201309328969 81.3911620294599 80.58919803600655 80.57283142389525 81.80032733224223 80.19639934533551 80.67921440261867

Gaussian
72.7823240589198 72.3240589198036 73.09328968903436 72.3076923076923 71.35842880523732 71.93126022913256 71.91489361702128 72.8150572831424 72.35679214402619 72.0949263502455 72.29787234042553

DecisionTree
100.0 100.0 100.0 100.0 100.0 100.0 100.0 100.0 100.0 100.0 100.0

LinearSVC
82.43862520458265 83.81342062193126 84.05891980360065 83.99345335515548 84.00981996726678 83.69885433715221 83.2569558101473 83.78068739770868 84.58265139116203 83.68248772504091 83.7315875613748

